Resultados TSP
a280.tsp 2579 38.4819 1
ali535.tsp 202339 504.167 1
att48.tsp 10628 0.15991 1
att532.tsp 27718 466.084 1
bayg29.tsp 1610 0.0329733 1
bays29.tsp 2020 0.0329025 1
berlin52.tsp 7542 0.212121 1
bier127.tsp 118282 4.14416 1
brazil58.tsp 25395 0.304082 1
brg180.tsp 1950 5.47185 1
burma14.tsp 3323 0.00589766 1
ch130.tsp 6110 4.35002 1
ch150.tsp 6528 4.0835 1
d198.tsp 15780 10.6923 1
d493.tsp 35005 338.426 1
dantzig42.tsp 699 0.102968 1
eil101.tsp 629 1.70647 1
eil51.tsp 426 0.188876 1
eil76.tsp 538 0.658271 1
fl1400.tsp
